center_x = 0.0
center_y = 0.0
center_z = 0.0
size_x = 36.6112111111
size_y = 32.5278777778
size_z = 34.3195444444
exhaustiveness = 8
