center_x = 0.625
center_y = 0.541666666667
center_z = 1.11111111111
size_x = 3.01398888889
size_y = 1.18065555556
size_z = 1.7501
exhaustiveness = 8
